250	0.9586
251	0.9590
252	0.9595
253	0.9592
254	0.9601
255	0.9601
256	0.9605
257	0.9603
258	0.9613
259	0.9611
260	0.9611
261	0.9619
262	0.9621
263	0.9625
264	0.9626
265	0.9634
266	0.9628
267	0.9639
268	0.9640
269	0.9638
270	0.9645
271	0.9639
272	0.9651
273	0.9657
274	0.9667
275	0.9657
276	0.9680
277	0.9682
278	0.9684
279	0.9686
280	0.9700
281	0.9709
282	0.9715
283	0.9731
284	0.9734
285	0.9746
286	0.9750
287	0.9756
288	0.9752
289	0.9762
290	0.9767
291	0.9771
292	0.9780
293	0.9786
294	0.9774
295	0.9782
296	0.9780
297	0.9790
298	0.9785
299	0.9785
300	0.9790
301	0.9794
302	0.9794
303	0.9798
304	0.9800
305	0.9808
306	0.9805
307	0.9811
308	0.9808
309	0.9812
310	0.9802
311	0.9810
312	0.9813
313	0.9812
314	0.9826
315	0.9817
316	0.9813
317	0.9830
318	0.9827
319	0.9824
320	0.9829
321	0.9824
322	0.9820
323	0.9822
324	0.9856
325	0.9825
326	0.9827
327	0.9807
328	0.9816
329	0.9861
330	0.9819
331	0.9828
332	0.9823
333	0.9844
334	0.9834
335	0.9817
336	0.9836
337	0.9841
338	0.9885
339	0.9845
340	0.9847
341	0.9860
342	0.9874
343	0.9845
344	0.9873
345	0.9859
346	0.9856
347	0.9844
348	0.9852
349	0.9862
350	0.9841
351	0.9863
352	0.9850
353	0.9846
354	0.9852
355	0.9854
356	0.9847
357	0.9838
358	0.9861
359	0.9860
360	0.9861
361	0.9862
362	0.9849
363	0.9873
364	0.9873
365	0.9865
366	0.9876
367	0.9878
368	0.9864
369	0.9880
370	0.9874
371	0.9847
372	0.9871
373	0.9865
374	0.9872
375	0.9860
376	0.9865
377	0.9874
378	0.9853
379	0.9849
380	0.9870
381	0.9869
382	0.9872
383	0.9872
384	0.9870
385	0.9875
386	0.9877
387	0.9869
388	0.9868
389	0.9877
390	0.9872
391	0.9873
392	0.9872
393	0.9877
394	0.9881
395	0.9884
396	0.9881
397	0.9880
398	0.9877
399	0.9881
400	0.9880
401	0.9884
402	0.9887
403	0.9884
404	0.9885
405	0.9887
406	0.9881
407	0.9881
408	0.9884
409	0.9886
410	0.9882
411	0.9884
412	0.9885
413	0.9886
414	0.9889
415	0.9886
416	0.9885
417	0.9890
418	0.9887
419	0.9883
420	0.9881
421	0.9887
422	0.9887
423	0.9889
424	0.9890
425	0.9887
426	0.9884
427	0.9885
428	0.9890
429	0.9887
430	0.9889
431	0.9888
432	0.9887
433	0.9889
434	0.9887
435	0.9887
436	0.9888
437	0.9887
438	0.9888
439	0.9887
440	0.9885
441	0.9886
442	0.9887
443	0.9888
444	0.9886
445	0.9886
446	0.9889
447	0.9888
448	0.9886
449	0.9890
450	0.9890
451	0.9888
452	0.9889
453	0.9887
454	0.9887
455	0.9888
456	0.9886
457	0.9885
458	0.9886
459	0.9887
460	0.9889
461	0.9891
462	0.9892
463	0.9892
464	0.9890
465	0.9890
466	0.9891
467	0.9891
468	0.9889
469	0.9889
470	0.9890
471	0.9891
472	0.9892
473	0.9893
474	0.9892
475	0.9890
476	0.9890
477	0.9892
478	0.9891
479	0.9891
480	0.9891
481	0.9894
482	0.9896
483	0.9894
484	0.9892
485	0.9895
486	0.9895
487	0.9894
488	0.9896
489	0.9895
490	0.9893
491	0.9895
492	0.9895
493	0.9896
494	0.9898
495	0.9895
496	0.9893
497	0.9894
498	0.9891
499	0.9893
500	0.9895
501	0.9896
502	0.9898
503	0.9895
504	0.9894
505	0.9896
506	0.9897
507	0.9899
508	0.9898
509	0.9897
510	0.9899
511	0.9899
512	0.9898
513	0.9897
514	0.9896
515	0.9896
516	0.9897
517	0.9896
518	0.9896
519	0.9896
520	0.9897
521	0.9896
522	0.9895
523	0.9897
524	0.9898
525	0.9898
526	0.9898
527	0.9896
528	0.9895
529	0.9895
530	0.9895
531	0.9895
532	0.9895
533	0.9897
534	0.9898
535	0.9898
536	0.9896
537	0.9897
538	0.9898
539	0.9897
540	0.9897
541	0.9896
542	0.9898
543	0.9896
544	0.9895
545	0.9896
546	0.9896
547	0.9896
548	0.9898
549	0.9896
550	0.9895
551	0.9895
552	0.9895
553	0.9896
554	0.9897
555	0.9896
556	0.9897
557	0.9896
558	0.9895
559	0.9896
560	0.9895
561	0.9895
562	0.9896
563	0.9893
564	0.9893
565	0.9896
566	0.9896
567	0.9895
568	0.9894
569	0.9895
570	0.9897
571	0.9896
572	0.9895
573	0.9897
574	0.9900
575	0.9897
576	0.9894
577	0.9895
578	0.9896
579	0.9898
580	0.9897
581	0.9898
582	0.9894
583	0.9894
584	0.9897
585	0.9897
586	0.9893
587	0.9896
588	0.9894
589	0.9895
590	0.9895
591	0.9897
592	0.9896
593	0.9895
594	0.9899
595	0.9897
596	0.9894
597	0.9894
598	0.9894
599	0.9897
600	0.9898
601	0.9897
602	0.9896
603	0.9895
604	0.9899
605	0.9894
606	0.9896
607	0.9898
608	0.9893
609	0.9893
610	0.9898
611	0.9896
612	0.9896
613	0.9897
614	0.9894
615	0.9895
616	0.9897
617	0.9896
618	0.9894
619	0.9895
620	0.9896
621	0.9897
622	0.9900
623	0.9897
624	0.9894
625	0.9897
626	0.9896
627	0.9892
628	0.9898
629	0.9894
630	0.9896
631	0.9897
632	0.9894
633	0.9894
634	0.9895
635	0.9893
636	0.9895
637	0.9895
638	0.9896
639	0.9895
640	0.9896
641	0.9894
642	0.9894
643	0.9895
644	0.9890
645	0.9893
646	0.9898
647	0.9897
648	0.9899
649	0.9893
650	0.9893
651	0.9897
652	0.9894
653	0.9896
654	0.9895
655	0.9897
656	0.9898
657	0.9894
658	0.9895
659	0.9895
660	0.9894
661	0.9894
662	0.9897
663	0.9895
664	0.9900
665	0.9901
666	0.9898
667	0.9900
668	0.9899
669	0.9896
670	0.9898
671	0.9900
672	0.9895
673	0.9896
674	0.9899
675	0.9898
676	0.9897
677	0.9897
678	0.9900
679	0.9898
680	0.9894
681	0.9896
682	0.9899
683	0.9896
684	0.9896
685	0.9895
686	0.9893
687	0.9898
688	0.9898
689	0.9897
690	0.9898
691	0.9897
692	0.9898
693	0.9899
694	0.9896
695	0.9899
696	0.9894
697	0.9892
698	0.9899
699	0.9894
700	0.9903
701	0.9894
702	0.9901
703	0.9897
704	0.9899
705	0.9899
706	0.9899
707	0.9896
708	0.9897
709	0.9899
710	0.9898
711	0.9894
712	0.9897
713	0.9897
714	0.9901
715	0.9897
716	0.9894
717	0.9899
718	0.9897
719	0.9902
720	0.9905
721	0.9903
722	0.9902
723	0.9898
724	0.9904
725	0.9898
726	0.9903
727	0.9898
728	0.9897
729	0.9899
730	0.9903
731	0.9908
732	0.9901
733	0.9902
734	0.9896
735	0.9893
736	0.9897
737	0.9898
738	0.9900
739	0.9901
740	0.9902
741	0.9897
742	0.9897
743	0.9902
744	0.9898
745	0.9895
746	0.9901
747	0.9901
748	0.9902
749	0.9905
750	0.9899
751	0.9898
752	0.9896
753	0.9898
754	0.9901
755	0.9905
756	0.9900
757	0.9897
758	0.9899
759	0.9897
760	0.9901
761	0.9900
762	0.9901
763	0.9901
764	0.9900
765	0.9896
766	0.9898
767	0.9901
768	0.9895
769	0.9895
770	0.9902
771	0.9896
772	0.9895
773	0.9901
774	0.9903
775	0.9901
776	0.9900
777	0.9902
778	0.9898
779	0.9896
780	0.9901
781	0.9902
782	0.9896
783	0.9901
784	0.9901
785	0.9903
786	0.9899
787	0.9898
788	0.9897
789	0.9900
790	0.9896
791	0.9895
792	0.9900
793	0.9904
794	0.9903
795	0.9900
796	0.9901
797	0.9898
798	0.9901
799	0.9903
800	0.9900
801	0.9893
802	0.9899
803	0.9901
804	0.9902
805	0.9904
806	0.9900
807	0.9900
808	0.9904
809	0.9901
810	0.9896
811	0.9896
812	0.9897
813	0.9901
814	0.9894
815	0.9888
816	0.9891
817	0.9893
818	0.9895
819	0.9898
820	0.9899
821	0.9900
822	0.9893
823	0.9895
824	0.9897
825	0.9894
826	0.9895
827	0.9896
828	0.9899
829	0.9900
830	0.9897
831	0.9896
832	0.9900
833	0.9904
834	0.9902
835	0.9892
836	0.9893
837	0.9897
838	0.9896
839	0.9898
840	0.9898
841	0.9893
842	0.9894
843	0.9897
844	0.9906
845	0.9910
846	0.9910
847	0.9899
848	0.9896
849	0.9901
850	0.9900
851	0.9898
852	0.9889
853	0.9887
854	0.9900
855	0.9910
856	0.9909
857	0.9910
858	0.9903
859	0.9901
860	0.9906
861	0.9905
862	0.9901
863	0.9902
864	0.9902
865	0.9902
866	0.9902
867	0.9902
868	0.9902
869	0.9902
870	0.9901
871	0.9901
872	0.9901
873	0.9901
874	0.9902
875	0.9902
876	0.9902
877	0.9902
878	0.9902
879	0.9902
880	0.9902
881	0.9902
882	0.9901
883	0.9902
884	0.9902
885	0.9901
886	0.9902
887	0.9902
888	0.9901
889	0.9901
890	0.9901
891	0.9902
892	0.9902
893	0.9902
894	0.9901
895	0.9901
896	0.9901
897	0.9901
898	0.9902
899	0.9902
900	0.9902
901	0.9902
902	0.9902
903	0.9901
904	0.9902
905	0.9901
906	0.9901
907	0.9901
908	0.9902
909	0.9901
910	0.9901
911	0.9902
912	0.9901
913	0.9901
914	0.9901
915	0.9901
916	0.9901
917	0.9901
918	0.9901
919	0.9901
920	0.9901
921	0.9901
922	0.9901
923	0.9901
924	0.9902
925	0.9902
926	0.9902
927	0.9902
928	0.9902
929	0.9902
930	0.9901
931	0.9901
932	0.9901
933	0.9901
934	0.9901
935	0.9901
936	0.9901
937	0.9901
938	0.9901
939	0.9901
940	0.9902
941	0.9902
942	0.9901
943	0.9901
944	0.9901
945	0.9901
946	0.9901
947	0.9901
948	0.9901
949	0.9901
950	0.9902
951	0.9901
952	0.9902
953	0.9902
954	0.9902
955	0.9901
956	0.9901
957	0.9901
958	0.9901
959	0.9901
960	0.9901
961	0.9901
962	0.9901
963	0.9901
964	0.9901
965	0.9901
966	0.9901
967	0.9901
968	0.9901
969	0.9901
970	0.9901
971	0.9901
972	0.9901
973	0.9901
974	0.9901
975	0.9901
976	0.9901
977	0.9901
978	0.9901
979	0.9901
980	0.9901
981	0.9901
982	0.9901
983	0.9901
984	0.9901
985	0.9901
986	0.9901
987	0.9901
988	0.9901
989	0.9901
990	0.9901
991	0.9901
992	0.9902
993	0.9901
994	0.9901
995	0.9901
996	0.9901
997	0.9901
998	0.9901
999	0.9901
1000	0.9901
1001	0.9901
1002	0.9901
1003	0.9901
1004	0.9901
1005	0.9901
1006	0.9901
1007	0.9901
1008	0.9901
1009	0.9900
1010	0.9901
1011	0.9901
1012	0.9901
1013	0.9901
1014	0.9901
1015	0.9901
1016	0.9901
1017	0.9901
1018	0.9901
1019	0.9901
1020	0.9901
1021	0.9901
1022	0.9901
1023	0.9901
1024	0.9900
1025	0.9901
1026	0.9901
1027	0.9900
1028	0.9900
1029	0.9901
1030	0.9900
1031	0.9901
1032	0.9901
1033	0.9900
1034	0.9900
1035	0.9900
1036	0.9901
1037	0.9901
1038	0.9901
1039	0.9901
1040	0.9901
1041	0.9901
1042	0.9901
1043	0.9901
1044	0.9900
1045	0.9901
1046	0.9901
1047	0.9900
1048	0.9901
1049	0.9900
1050	0.9900
1051	0.9901
1052	0.9901
1053	0.9900
1054	0.9900
1055	0.9901
1056	0.9900
1057	0.9900
1058	0.9900
1059	0.9900
1060	0.9900
1061	0.9900
1062	0.9900
1063	0.9900
1064	0.9900
1065	0.9901
1066	0.9901
1067	0.9901
1068	0.9900
1069	0.9900
1070	0.9900
1071	0.9900
1072	0.9900
1073	0.9900
1074	0.9900
1075	0.9900
1076	0.9900
1077	0.9900
1078	0.9900
1079	0.9900
1080	0.9900
1081	0.9900
1082	0.9900
1083	0.9901
1084	0.9900
1085	0.9900
1086	0.9900
1087	0.9900
1088	0.9900
1089	0.9900
1090	0.9900
1091	0.9900
1092	0.9900
1093	0.9900
1094	0.9900
1095	0.9900
1096	0.9900
1097	0.9900
1098	0.9900
1099	0.9900
1100	0.9900
1101	0.9900
1102	0.9900
1103	0.9900
1104	0.9900
1105	0.9900
1106	0.9900
1107	0.9900
1108	0.9900
1109	0.9900
1110	0.9900
1111	0.9900
1112	0.9900
1113	0.9900
1114	0.9900
1115	0.9900
1116	0.9900
1117	0.9900
1118	0.9900
1119	0.9900
1120	0.9900
1121	0.9899
1122	0.9900
1123	0.9899
1124	0.9900
1125	0.9900
1126	0.9900
1127	0.9900
1128	0.9900
1129	0.9900
1130	0.9900
1131	0.9900
1132	0.9900
1133	0.9900
1134	0.9899
1135	0.9899
1136	0.9899
1137	0.9900
1138	0.9899
1139	0.9899
1140	0.9899
1141	0.9899
1142	0.9899
1143	0.9899
1144	0.9899
1145	0.9899
1146	0.9899
1147	0.9899
1148	0.9899
1149	0.9899
1150	0.9898
1151	0.9898
1152	0.9899
1153	0.9898
1154	0.9898
1155	0.9898
1156	0.9898
1157	0.9898
1158	0.9898
1159	0.9897
1160	0.9897
1161	0.9897
1162	0.9897
1163	0.9896
1164	0.9896
1165	0.9896
1166	0.9895
1167	0.9895
1168	0.9895
1169	0.9895
1170	0.9895
1171	0.9894
1172	0.9894
1173	0.9894
1174	0.9894
1175	0.9894
1176	0.9893
1177	0.9893
1178	0.9893
1179	0.9893
1180	0.9893
1181	0.9892
1182	0.9892
1183	0.9892
1184	0.9891
1185	0.9891
1186	0.9891
1187	0.9891
1188	0.9891
1189	0.9890
1190	0.9890
1191	0.9890
1192	0.9890
1193	0.9890
1194	0.9890
1195	0.9889
1196	0.9889
1197	0.9889
1198	0.9889
1199	0.9889
1200	0.9888
1201	0.9888
1202	0.9888
1203	0.9888
1204	0.9889
1205	0.9889
1206	0.9889
1207	0.9888
1208	0.9888
1209	0.9888
1210	0.9888
1211	0.9888
1212	0.9888
1213	0.9888
1214	0.9888
1215	0.9888
1216	0.9888
1217	0.9888
1218	0.9888
1219	0.9888
1220	0.9888
1221	0.9888
1222	0.9888
1223	0.9888
1224	0.9888
1225	0.9888
1226	0.9888
1227	0.9888
1228	0.9888
1229	0.9888
1230	0.9888
1231	0.9888
1232	0.9888
1233	0.9888
1234	0.9888
1235	0.9888
1236	0.9888
1237	0.9888
1238	0.9888
1239	0.9888
1240	0.9888
1241	0.9888
1242	0.9888
1243	0.9888
1244	0.9888
1245	0.9888
1246	0.9887
1247	0.9887
1248	0.9887
1249	0.9887
1250	0.9887
1251	0.9887
1252	0.9887
1253	0.9887
1254	0.9887
1255	0.9887
1256	0.9887
1257	0.9886
1258	0.9886
1259	0.9886
1260	0.9886
1261	0.9886
1262	0.9886
1263	0.9886
1264	0.9885
1265	0.9885
1266	0.9885
1267	0.9885
1268	0.9884
1269	0.9884
1270	0.9884
1271	0.9884
1272	0.9884
1273	0.9883
1274	0.9883
1275	0.9883
1276	0.9883
1277	0.9883
1278	0.9883
1279	0.9883
1280	0.9882
1281	0.9882
1282	0.9882
1283	0.9882
1284	0.9881
1285	0.9881
1286	0.9880
1287	0.9880
1288	0.9880
1289	0.9880
1290	0.9880
1291	0.9880
1292	0.9880
1293	0.9879
1294	0.9879
1295	0.9879
1296	0.9879
1297	0.9879
1298	0.9879
1299	0.9878
1300	0.9878
1301	0.9878
1302	0.9878
1303	0.9878
1304	0.9877
1305	0.9877
1306	0.9877
1307	0.9876
1308	0.9876
1309	0.9876
1310	0.9876
1311	0.9875
1312	0.9875
1313	0.9875
1314	0.9875
1315	0.9875
1316	0.9874
1317	0.9874
1318	0.9874
1319	0.9874
1320	0.9874
1321	0.9874
1322	0.9874
1323	0.9873
1324	0.9873
1325	0.9873
1326	0.9873
1327	0.9872
1328	0.9872
1329	0.9872
1330	0.9871
1331	0.9871
1332	0.9871
1333	0.9871
1334	0.9870
1335	0.9870
1336	0.9870
1337	0.9870
1338	0.9870
1339	0.9870
1340	0.9869
1341	0.9869
1342	0.9869
1343	0.9869
1344	0.9869
1345	0.9869
1346	0.9868
1347	0.9868
1348	0.9868
1349	0.9868
1350	0.9868
1351	0.9868
1352	0.9867
1353	0.9867
1354	0.9867
1355	0.9867
1356	0.9866
1357	0.9866
1358	0.9866
1359	0.9866
1360	0.9866
1361	0.9866
1362	0.9866
1363	0.9866
1364	0.9866
1365	0.9866
1366	0.9866
1367	0.9866
1368	0.9866
1369	0.9865
1370	0.9865
1371	0.9865
1372	0.9865
1373	0.9865
1374	0.9865
1375	0.9865
1376	0.9865
1377	0.9865
1378	0.9865
1379	0.9864
1380	0.9864
1381	0.9864
1382	0.9865
1383	0.9865
1384	0.9865
1385	0.9865
1386	0.9864
1387	0.9865
1388	0.9865
1389	0.9865
1390	0.9865
1391	0.9865
1392	0.9865
1393	0.9865
1394	0.9865
1395	0.9865
1396	0.9865
1397	0.9865
1398	0.9865
1399	0.9865
1400	0.9865
1401	0.9865
1402	0.9865
1403	0.9865
1404	0.9866
1405	0.9866
1406	0.9866
1407	0.9866
1408	0.9866
1409	0.9867
1410	0.9867
1411	0.9867
1412	0.9867
1413	0.9867
1414	0.9868
1415	0.9868
1416	0.9868
1417	0.9868
1418	0.9868
1419	0.9868
1420	0.9868
1421	0.9868
1422	0.9869
1423	0.9869
1424	0.9869
1425	0.9870
1426	0.9870
1427	0.9870
1428	0.9870
1429	0.9870
1430	0.9871
1431	0.9871
1432	0.9871
1433	0.9871
1434	0.9872
1435	0.9872
1436	0.9872
1437	0.9872
1438	0.9873
1439	0.9873
1440	0.9873
1441	0.9873
1442	0.9873
1443	0.9873
1444	0.9873
1445	0.9873
1446	0.9873
1447	0.9873
1448	0.9873
1449	0.9873
1450	0.9874
1451	0.9874
1452	0.9874
1453	0.9874
1454	0.9874
1455	0.9874
1456	0.9874
1457	0.9874
1458	0.9874
1459	0.9874
1460	0.9874
1461	0.9874
1462	0.9874
1463	0.9874
1464	0.9874
1465	0.9874
1466	0.9874
1467	0.9874
1468	0.9874
1469	0.9874
1470	0.9874
1471	0.9874
1472	0.9874
1473	0.9874
1474	0.9874
1475	0.9874
1476	0.9874
1477	0.9874
1478	0.9874
1479	0.9874
1480	0.9874
1481	0.9874
1482	0.9874
1483	0.9874
1484	0.9874
1485	0.9874
1486	0.9874
1487	0.9874
1488	0.9874
1489	0.9873
1490	0.9873
1491	0.9874
1492	0.9874
1493	0.9873
1494	0.9873
1495	0.9874
1496	0.9874
1497	0.9874
1498	0.9874
1499	0.9874
1500	0.9874
1501	0.9874
1502	0.9874
1503	0.9874
1504	0.9874
1505	0.9874
1506	0.9874
1507	0.9873
1508	0.9874
1509	0.9874
1510	0.9874
1511	0.9873
1512	0.9873
1513	0.9872
1514	0.9873
1515	0.9873
1516	0.9873
1517	0.9873
1518	0.9873
1519	0.9873
1520	0.9873
1521	0.9873
1522	0.9873
1523	0.9872
1524	0.9873
1525	0.9873
1526	0.9874
1527	0.9873
1528	0.9873
1529	0.9873
1530	0.9873
1531	0.9873
1532	0.9873
1533	0.9872
1534	0.9871
1535	0.9872
1536	0.9872
1537	0.9872
1538	0.9872
1539	0.9873
1540	0.9872
1541	0.9873
1542	0.9872
1543	0.9872
1544	0.9873
1545	0.9872
1546	0.9872
1547	0.9870
1548	0.9872
1549	0.9872
1550	0.9872
1551	0.9872
1552	0.9872
1553	0.9872
1554	0.9872
1555	0.9872
1556	0.9872
1557	0.9872
1558	0.9873
1559	0.9872
1560	0.9872
1561	0.9872
1562	0.9872
1563	0.9872
1564	0.9872
1565	0.9872
1566	0.9870
1567	0.9871
1568	0.9872
1569	0.9872
1570	0.9872
1571	0.9872
1572	0.9872
1573	0.9872
1574	0.9872
1575	0.9872
1576	0.9872
1577	0.9872
1578	0.9872
1579	0.9871
1580	0.9872
1581	0.9871
1582	0.9871
1583	0.9871
1584	0.9871
1585	0.9871
1586	0.9871
1587	0.9871
1588	0.9871
1589	0.9871
1590	0.9871
1591	0.9871
1592	0.9871
1593	0.9871
1594	0.9871
1595	0.9871
1596	0.9871
1597	0.9871
1598	0.9870
1599	0.9870
1600	0.9870
1601	0.9870
1602	0.9870
1603	0.9870
1604	0.9869
1605	0.9869
1606	0.9869
1607	0.9869
1608	0.9869
1609	0.9868
1610	0.9868
1611	0.9868
1612	0.9868
1613	0.9868
1614	0.9867
1615	0.9867
1616	0.9867
1617	0.9867
1618	0.9866
1619	0.9866
1620	0.9865
1621	0.9865
1622	0.9865
1623	0.9865
1624	0.9864
1625	0.9864
1626	0.9864
1627	0.9864
1628	0.9863
1629	0.9863
1630	0.9862
1631	0.9862
1632	0.9862
1633	0.9862
1634	0.9861
1635	0.9861
1636	0.9861
1637	0.9860
1638	0.9860
1639	0.9860
1640	0.9860
1641	0.9859
1642	0.9858
1643	0.9858
1644	0.9858
1645	0.9858
1646	0.9857
1647	0.9857
1648	0.9857
1649	0.9856
1650	0.9856
1651	0.9856
1652	0.9856
1653	0.9855
1654	0.9854
1655	0.9854
1656	0.9854
1657	0.9854
1658	0.9853
1659	0.9853
1660	0.9852
1661	0.9852
1662	0.9852
1663	0.9851
1664	0.9851
1665	0.9850
1666	0.9850
1667	0.9850
1668	0.9849
1669	0.9849
1670	0.9848
1671	0.9848
1672	0.9848
1673	0.9847
1674	0.9847
1675	0.9846
1676	0.9846
1677	0.9846
1678	0.9846
1679	0.9845
1680	0.9844
1681	0.9844
1682	0.9843
1683	0.9843
1684	0.9842
1685	0.9842
1686	0.9842
1687	0.9841
1688	0.9841
1689	0.9840
1690	0.9840
1691	0.9839
1692	0.9839
1693	0.9839
1694	0.9838
1695	0.9838
1696	0.9837
1697	0.9837
1698	0.9837
1699	0.9836
1700	0.9836
1701	0.9835
1702	0.9835
1703	0.9835
1704	0.9835
1705	0.9834
1706	0.9834
1707	0.9833
1708	0.9833
1709	0.9833
1710	0.9833
1711	0.9833
1712	0.9833
1713	0.9832
1714	0.9832
1715	0.9832
1716	0.9832
1717	0.9832
1718	0.9832
1719	0.9832
1720	0.9832
1721	0.9832
1722	0.9832
1723	0.9832
1724	0.9832
1725	0.9832
1726	0.9832
1727	0.9832
1728	0.9832
1729	0.9832
1730	0.9832
1731	0.9832
1732	0.9833
1733	0.9833
1734	0.9833
1735	0.9833
1736	0.9834
1737	0.9834
1738	0.9834
1739	0.9834
1740	0.9834
1741	0.9834
1742	0.9835
1743	0.9835
1744	0.9835
1745	0.9835
1746	0.9836
1747	0.9836
1748	0.9836
1749	0.9836
1750	0.9836
1751	0.9836
1752	0.9836
1753	0.9836
1754	0.9837
1755	0.9837
1756	0.9837
1757	0.9837
1758	0.9837
1759	0.9837
1760	0.9837
1761	0.9837
1762	0.9838
1763	0.9838
1764	0.9838
1765	0.9838
1766	0.9838
1767	0.9838
1768	0.9838
1769	0.9838
1770	0.9838
1771	0.9838
1772	0.9838
1773	0.9838
1774	0.9838
1775	0.9838
1776	0.9838
1777	0.9838
1778	0.9838
1779	0.9838
1780	0.9838
1781	0.9838
1782	0.9838
1783	0.9838
1784	0.9838
1785	0.9838
1786	0.9838
1787	0.9838
1788	0.9837
1789	0.9837
1790	0.9837
1791	0.9837
1792	0.9837
1793	0.9836
1794	0.9836
1795	0.9835
1796	0.9835
1797	0.9835
1798	0.9834
1799	0.9834
1800	0.9833
1801	0.9832
1802	0.9832
1803	0.9832
1804	0.9831
1805	0.9830
1806	0.9829
1807	0.9828
1808	0.9828
1809	0.9827
1810	0.9826
1811	0.9825
1812	0.9824
1813	0.9823
1814	0.9822
1815	0.9822
1816	0.9821
1817	0.9820
1818	0.9818
1819	0.9817
1820	0.9816
1821	0.9815
1822	0.9815
1823	0.9813
1824	0.9812
1825	0.9811
1826	0.9810
1827	0.9809
1828	0.9808
1829	0.9807
1830	0.9806
1831	0.9805
1832	0.9804
1833	0.9803
1834	0.9802
1835	0.9801
1836	0.9799
1837	0.9798
1838	0.9798
1839	0.9797
1840	0.9796
1841	0.9794
1842	0.9794
1843	0.9793
1844	0.9792
1845	0.9791
1846	0.9790
1847	0.9789
1848	0.9789
1849	0.9788
1850	0.9787
1851	0.9787
1852	0.9786
1853	0.9786
1854	0.9785
1855	0.9784
1856	0.9784
1857	0.9783
1858	0.9782
1859	0.9782
1860	0.9782
1861	0.9781
1862	0.9780
1863	0.9780
1864	0.9780
1865	0.9779
1866	0.9779
1867	0.9779
1868	0.9778
1869	0.9778
1870	0.9778
1871	0.9777
1872	0.9777
1873	0.9777
1874	0.9776
1875	0.9776
1876	0.9776
1877	0.9775
1878	0.9775
1879	0.9775
1880	0.9775
1881	0.9774
1882	0.9774
1883	0.9774
1884	0.9773
1885	0.9774
1886	0.9773
1887	0.9772
1888	0.9772
1889	0.9772
1890	0.9772
1891	0.9771
1892	0.9771
1893	0.9771
1894	0.9771
1895	0.9771
1896	0.9770
1897	0.9770
1898	0.9770
1899	0.9770
1900	0.9769
1901	0.9769
1902	0.9769
1903	0.9768
1904	0.9768
1905	0.9768
1906	0.9768
1907	0.9767
1908	0.9767
1909	0.9766
1910	0.9766
1911	0.9766
1912	0.9766
1913	0.9766
1914	0.9766
1915	0.9765
1916	0.9765
1917	0.9765
1918	0.9765
1919	0.9765
1920	0.9764
1921	0.9764
1922	0.9764
1923	0.9763
1924	0.9763
1925	0.9763
1926	0.9763
1927	0.9762
1928	0.9762
1929	0.9762
1930	0.9761
1931	0.9761
1932	0.9761
1933	0.9760
1934	0.9760
1935	0.9760
1936	0.9760
1937	0.9759
1938	0.9759
1939	0.9758
1940	0.9758
1941	0.9757
1942	0.9757
1943	0.9757
1944	0.9757
1945	0.9756
1946	0.9755
1947	0.9755
1948	0.9754
1949	0.9754
1950	0.9753
1951	0.9752
1952	0.9752
1953	0.9751
1954	0.9750
1955	0.9750
1956	0.9749
1957	0.9748
1958	0.9747
1959	0.9746
1960	0.9745
1961	0.9744
1962	0.9743
1963	0.9742
1964	0.9742
1965	0.9740
1966	0.9739
1967	0.9738
1968	0.9737
1969	0.9736
1970	0.9734
1971	0.9733
1972	0.9733
1973	0.9732
1974	0.9731
1975	0.9729
1976	0.9727
1977	0.9726
1978	0.9725
1979	0.9724
1980	0.9722
1981	0.9721
1982	0.9720
1983	0.9719
1984	0.9717
1985	0.9716
1986	0.9715
1987	0.9713
1988	0.9713
1989	0.9711
1990	0.9709
1991	0.9706
1992	0.9705
1993	0.9703
1994	0.9701
1995	0.9699
1996	0.9697
1997	0.9695
1998	0.9693
1999	0.9691
2000	0.9689
2001	0.9687
2002	0.9685
2003	0.9682
2004	0.9680
2005	0.9678
2006	0.9676
2007	0.9673
2008	0.9671
2009	0.9668
2010	0.9665
2011	0.9663
2012	0.9660
2013	0.9657
2014	0.9655
2015	0.9652
2016	0.9650
2017	0.9646
2018	0.9644
2019	0.9640
2020	0.9637
2021	0.9635
2022	0.9632
2023	0.9629
2024	0.9627
2025	0.9624
2026	0.9622
2027	0.9619
2028	0.9616
2029	0.9613
2030	0.9610
2031	0.9608
2032	0.9605
2033	0.9602
2034	0.9600
2035	0.9596
2036	0.9594
2037	0.9590
2038	0.9588
2039	0.9585
2040	0.9582
2041	0.9580
2042	0.9578
2043	0.9575
2044	0.9572
2045	0.9569
2046	0.9568
2047	0.9565
2048	0.9563
2049	0.9561
2050	0.9558
2051	0.9555
2052	0.9554
2053	0.9551
2054	0.9550
2055	0.9547
2056	0.9544
2057	0.9543
2058	0.9540
2059	0.9538
2060	0.9536
2061	0.9534
2062	0.9532
2063	0.9530
2064	0.9529
2065	0.9527
2066	0.9525
2067	0.9523
2068	0.9521
2069	0.9519
2070	0.9518
2071	0.9516
2072	0.9514
2073	0.9512
2074	0.9510
2075	0.9508
2076	0.9507
2077	0.9504
2078	0.9503
2079	0.9501
2080	0.9500
2081	0.9497
2082	0.9495
2083	0.9493
2084	0.9491
2085	0.9490
2086	0.9488
2087	0.9486
2088	0.9484
2089	0.9482
2090	0.9481
2091	0.9479
2092	0.9477
2093	0.9475
2094	0.9473
2095	0.9472
2096	0.9470
2097	0.9468
2098	0.9467
2099	0.9464
2100	0.9462
2101	0.9460
2102	0.9458
2103	0.9456
2104	0.9455
2105	0.9452
2106	0.9450
2107	0.9448
2108	0.9446
2109	0.9444
2110	0.9441
2111	0.9440
2112	0.9438
2113	0.9436
2114	0.9431
2115	0.9430
2116	0.9428
2117	0.9425
2118	0.9423
2119	0.9421
2120	0.9418
2121	0.9417
2122	0.9415
2123	0.9412
2124	0.9411
2125	0.9408
2126	0.9407
2127	0.9405
2128	0.9404
2129	0.9401
2130	0.9397
2131	0.9396
2132	0.9395
2133	0.9395
2134	0.9394
2135	0.9393
2136	0.9393
2137	0.9392
2138	0.9392
2139	0.9393
2140	0.9394
2141	0.9396
2142	0.9396
2143	0.9397
2144	0.9399
2145	0.9400
2146	0.9402
2147	0.9403
2148	0.9406
2149	0.9408
2150	0.9410
2151	0.9413
2152	0.9416
2153	0.9419
2154	0.9422
2155	0.9425
2156	0.9429
2157	0.9432
2158	0.9435
2159	0.9439
2160	0.9444
2161	0.9448
2162	0.9452
2163	0.9456
2164	0.9460
2165	0.9465
2166	0.9470
2167	0.9474
2168	0.9479
2169	0.9483
2170	0.9488
2171	0.9493
2172	0.9496
2173	0.9501
2174	0.9505
2175	0.9510
2176	0.9514
2177	0.9518
2178	0.9523
2179	0.9527
2180	0.9532
2181	0.9535
2182	0.9540
2183	0.9545
2184	0.9549
2185	0.9552
2186	0.9555
2187	0.9559
2188	0.9563
2189	0.9567
2190	0.9570
2191	0.9573
2192	0.9577
2193	0.9579
2194	0.9581
2195	0.9585
2196	0.9586
2197	0.9589
2198	0.9592
2199	0.9594
2200	0.9600
2201	0.9602
2202	0.9600
2203	0.9602
2204	0.9604
2205	0.9606
2206	0.9608
2207	0.9610
2208	0.9611
2209	0.9613
2210	0.9614
2211	0.9616
2212	0.9617
2213	0.9618
2214	0.9619
2215	0.9620
2216	0.9620
2217	0.9621
2218	0.9622
2219	0.9623
2220	0.9623
2221	0.9623
2222	0.9624
2223	0.9625
2224	0.9625
2225	0.9625
2226	0.9625
2227	0.9625
2228	0.9625
2229	0.9626
2230	0.9625
2231	0.9624
2232	0.9624
2233	0.9624
2234	0.9624
2235	0.9624
2236	0.9623
2237	0.9623
2238	0.9622
2239	0.9621
2240	0.9621
2241	0.9620
2242	0.9618
2243	0.9617
2244	0.9617
2245	0.9616
2246	0.9615
2247	0.9614
2248	0.9613
2249	0.9613
2250	0.9611
2251	0.9609
2252	0.9608
2253	0.9608
2254	0.9607
2255	0.9606
2256	0.9605
2257	0.9604
2258	0.9603
2259	0.9603
2260	0.9601
2261	0.9599
2262	0.9598
2263	0.9598
2264	0.9596
2265	0.9594
2266	0.9592
2267	0.9590
2268	0.9590
2269	0.9589
2270	0.9587
2271	0.9586
2272	0.9585
2273	0.9584
2274	0.9583
2275	0.9581
2276	0.9580
2277	0.9579
2278	0.9577
2279	0.9575
2280	0.9574
2281	0.9572
2282	0.9570
2283	0.9568
2284	0.9565
2285	0.9563
2286	0.9562
2287	0.9560
2288	0.9557
2289	0.9555
2290	0.9554
2291	0.9551
2292	0.9548
2293	0.9547
2294	0.9545
2295	0.9542
2296	0.9538
2297	0.9536
2298	0.9535
2299	0.9532
2300	0.9530
2301	0.9528
2302	0.9526
2303	0.9524
2304	0.9522
2305	0.9519
2306	0.9516
2307	0.9514
2308	0.9513
2309	0.9510
2310	0.9507
2311	0.9506
2312	0.9504
2313	0.9502
2314	0.9499
2315	0.9497
2316	0.9495
2317	0.9492
2318	0.9490
2319	0.9489
2320	0.9486
2321	0.9484
2322	0.9482
2323	0.9479
2324	0.9476
2325	0.9474
2326	0.9471
2327	0.9468
2328	0.9465
2329	0.9463
2330	0.9460
2331	0.9457
2332	0.9454
2333	0.9452
2334	0.9450
2335	0.9446
2336	0.9443
2337	0.9441
2338	0.9438
2339	0.9435
2340	0.9433
2341	0.9430
2342	0.9428
2343	0.9424
2344	0.9422
2345	0.9420
2346	0.9418
2347	0.9415
2348	0.9413
2349	0.9411
2350	0.9409
2351	0.9407
2352	0.9406
2353	0.9405
2354	0.9402
2355	0.9401
2356	0.9399
2357	0.9399
2358	0.9398
2359	0.9396
2360	0.9395
2361	0.9394
2362	0.9393
2363	0.9391
2364	0.9389
2365	0.9389
2366	0.9389
2367	0.9388
2368	0.9386
2369	0.9385
2370	0.9383
2371	0.9382
2372	0.9382
2373	0.9379
2374	0.9378
2375	0.9377
2376	0.9379
2377	0.9377
2378	0.9373
2379	0.9374
2380	0.9373
2381	0.9372
2382	0.9370
2383	0.9370
2384	0.9372
2385	0.9369
2386	0.9369
2387	0.9370
2388	0.9369
2389	0.9370
2390	0.9368
2391	0.9367
2392	0.9367
2393	0.9366
2394	0.9363
2395	0.9363
2396	0.9365
2397	0.9361
2398	0.9363
2399	0.9362
2400	0.9359
2401	0.9360
2402	0.9359
2403	0.9360
2404	0.9361
2405	0.9360
2406	0.9361
2407	0.9359
2408	0.9360
2409	0.9360
2410	0.9355
2411	0.9356
2412	0.9359
2413	0.9358
2414	0.9357
2415	0.9356
2416	0.9354
2417	0.9357
2418	0.9355
2419	0.9354
2420	0.9357
2421	0.9357
2422	0.9356
2423	0.9356
2424	0.9354
2425	0.9355
2426	0.9353
2427	0.9360
2428	0.9357
2429	0.9354
2430	0.9358
2431	0.9348
2432	0.9354
2433	0.9353
2434	0.9353
2435	0.9355
2436	0.9352
2437	0.9352
2438	0.9350
2439	0.9348
2440	0.9350
2441	0.9349
2442	0.9352
2443	0.9355
2444	0.9355
2445	0.9356
2446	0.9351
2447	0.9351
2448	0.9354
2449	0.9353
2450	0.9354
2451	0.9355
2452	0.9346
2453	0.9348
2454	0.9349
2455	0.9359
2456	0.9350
2457	0.9352
2458	0.9347
2459	0.9345
2460	0.9353
2461	0.9354
2462	0.9353
2463	0.9351
2464	0.9350
2465	0.9358
2466	0.9342
2467	0.9355
2468	0.9353
2469	0.9370
2470	0.9365
2471	0.9348
2472	0.9342
2473	0.9346
2474	0.9354
2475	0.9355
2476	0.9347
2477	0.9364
2478	0.9324
2479	0.9354
2480	0.9365
2481	0.9359
2482	0.9347
2483	0.9366
2484	0.9334
2485	0.9338
2486	0.9349
2487	0.9361
2488	0.9352
2489	0.9343
2490	0.9370
2491	0.9337
2492	0.9389
2493	0.9358
2494	0.9352
2495	0.9319
2496	0.9328
2497	0.9348
2498	0.9341
2499	0.9318
2500	0.9370
